Sliding Window Maximum

Question
1. You are given a number n, representing the size of array a.
2. You are given n numbers, representing the elements of array a.
3. You are given a number k, representing the size of window.
4. You are required to find and print the maximum element in every window of size k.

e.g.
for the array [2 9 3 8 1 7 12 6 14 4 32 0 7 19 8 12 6] and k = 4, the answer is [9 9 8 12 12 14 14 32 32 32 32 19 19 19]

Input Format
Input is managed for you

Output Format
Maximum of each window in separate line

Constraints
0 <= n < 100000
-10^9 <= a[i] <= 10^9
0 < k < n

Sample Input
81350
-838923590
2088124597
-100312021
897598134
1120321254
715463751
1960723337
-1292124189
1792804848
967503840
-1916103136
312580715
1132719396
1195946209
62312811
163167577
1625575782
221624209
-233477005
1624220328
-1706177180
1452040001
-1053860069
956393993
-1878230769
-576846671
1277512378
90380258
-1795729338
-409073998
-1702750230
-1616363366
-985833772
1751756044
1207508383
-1448696813
-1200996452
1017977249
-67689093
-1788314249
-443778286
-368859182
-179379873
-877819080
-787914515
1169448481
1371448901
1495667537
-1153238758
965826070
378961996
-1381799983
1090455539
-1786036633
614659092
1915596697
566075824
-772252846
-823000757
1940322147
-803143395
-593450675
927808136
-2086678777
611292557
1737950690
1704789591
-259918087
1280605198
-1090420013
638999956
-2055609834
613537757
1483818884
-2041210116
-1714417761
2090581532
764191898
-1868681216
-1829797499
1078569154
2060729822
-6270244
-597241114
1144497362
-998871449
-1046283800
33927895
89108431
-1934472456
-2130593746
-1844394140
1451685998
327018150
517164860
1151483092
-262015347
-868631106
1149700666
-1444051664
-2020766108
511011556
1737766462
662768646
1510650617
275253887
-533181474
755556970
-1739768871
-687804332
-285893114
1606526781
948298244
245076849
-1253203444
-1459933263
1499109416
-894708660
-1974524671
-67193844
-1915768302
1483079978
-1807613367
-1297840981
559386465
-1028113211
-482398354
975276873
1881521532
52505384
907882800
-1554703231
-532822843
-1656092450
956714464
2003033488
1518671118
-653750197
479138029
-353058208
-1952266933
969888088
1652093887
1815177153
-638641527
1775853398
1136017347
1375423993
996149791
-322406117
251755974
-1445218434
-1149293790
1329270641
-777255289
1313615873
289983261
-1856909903
-630421370
1548877742
-1768220159
2138212522
-1724934366
507973298
-237526694
-116344890
-998664478
-1504772867
-305628477
-1759388561
-703948014
-1247841720
654178716
761691054
40503441
-1968248231
670088185
-1726575083
50926057
-1479704187
1098864349
-1358263841
-301440864
970950006
1394479527
-1050121387
178159565
606719534
-259889972
-1553047694
182574061
-962845877
-117755962
-1351945015
1553099767
-939118196
306305611
-1450379610
-1213442131
-1184377709
1285543106
1479759475
-1538379980
-2091534100
-200856590
-502806691
655525862
-1233675698
-1603001348
-374017993
-190442905
213230111
-1831268725
-1867294818
-1470071306
1845406269
1647628361
79064668
1060617477
1776904187
-1316501100
-1611310063
499810058
1527694185
-765323663
2049012240
-692587625
-501489960
-1006544448
949381254
-1152898392
1769902748
1269008305
107923937
-1932941765
1199005971
51864438
-1830211474
-834801370
2005411558
904569913
1546730052
-1254600924
-437843058
1998648656
543774560
1533991472
-871270886
-1335999057
755029521
-105930474
-1928132050
1797397150
791925142
-705651898
114356558
-1806116437
-968300795
1917486571
468317276
-2057093663
855299181
253492795
-1010816673
-1291621319
1169843774
-392991472
-1404487291
-1247650992
-245934359
-994863177
663651178
374833754
1600455875
-2083526136
-40460902
1145570134
-375774674
-541405770
-821691052
-1651391358
767083514
1588699880
89965969
-1857409775
1920889352
-1950929400
664011332
-2074117861
-1980621264
-1345941799
-1656957982
2091309269
845161828
-883551025
191385379
1129369345
-105726187
1061323930
499586314
94405287
-925401387
347120387
-1747196125
-1084622843
1422445629
-570681092
1443675147
1764123843
-1159957232
-861403919
-1726867403
-311618709
-463028832
1924582756
-1208176918
-351106537
-187460752
773064888
-1845129327
-428414869
-481442278
-65761716
-1042455760
-2128105275
-2144966029
1186858187
1551072818
-414682957
-190002196
-1765244479
-1519007126
-906429275
1548324922
962727538
-1739141801
-550030621
1572204857
820323814
-306753879
354777536
-984469235
-516915128
-1494916348
-8491761
-1943229302
341819249
1811603203
-980324650
-1803735083
1216991422
-1186892161
883625793
-1167167157
-601679831
102960144
25657305
-783690079
569292951
-1890519853
-1835235851
1337452619
-1203008146
389362797
2011930736
-66447583
-1755403926
-546507440
-2098965348
-240601024
526806705
-197410499
-51784075
353000238
1369347108
64699913
-191987687
440917569
734964727
-813469021
-473248649
-441260736
-1910374525
2000934996
-476264121
1812633162
-310324134
-1534739383
1188574265
-1689992970
2005954203
-577456818
1304344432
-341847109
-369073016
252850652
-512034511
1427391378
-1172236459
-754621867
286290647
-1115534887
-584555198
-259456115
-1141030134
-496821126
2051467499
2133642636
1089105712
59966540
-1895736866
-1908897135
-1415952350
-1908673095
1768350318
-161801638
873195043
-46231648
1006010054
1680860578
-1798967283
-2114870149
-1315784384
-945191445
-290840116
-1695632956
-1643882505
1075357053
1893090832
-115086956
-696135782
-1301128275
-1842440386
1271575181
515542915
1474922850
1400421287
1013694970
2000845575
1646459349
732811515
-351783884
455812111
-125547625
261962495
437339975
291347175
999941592
-1855903363
1481546708
1814095702
412122597
-1497298564
1584209976
-2090434834
-1149046542
-22194767
1961822701
-1774760796
-1809484263
1623423541
-1613266640
305208738
-1587319646
-981483657
-168631580
514688859
370494084
1169059955
-1941521226
556309216
659058476
-1156796381
-1186797696
-2096170639
-1142235524
-1239633354
-922786830
-1551884713
-766957546
-46642433
308862319
990573040
1374486233
170396336
1593308980
-1992820213
-61913941
1295275975
-777140289
-48907402
-1665626503
1913208007
-1596840339
271655124
332883067
-2095260373
-1634291867
934083251
-2042379588
-824982121
1904976309
-288822052
-1298424359
-1919055024
-1660814407
1381588205
744255496
-587763986
-716670525
-1028180443
408556124
132773456
979852024
-758671746
-1091344826
-713969201
-1076293512
203995393
1261015902
-1349345099
1862023873
-208490155
-725164701
-1646728976
652056916
1112525976
453924480
-352266750
-1262563175
-1818645647
1564340688
-1163177157
2007575039
1004890469
-1967080924
547575082
1957278311
-1510316694
-1635307261
2055988816
-1287234878
995393465
-1411900943
-703214825
-1332609288
1946935528
-1085524492
1012330754
-1656785141
1804181047
-791956653
1842158884
1047664252
334614313
864834977
1161334230
-1676919315
2141251670
326867449
-518880349
2286343
1872981887
74472330
1462691207
608645789
1961647331
-1825325995
56063065
549826833
427802064
1395217973
463618436
-905151242
739011708
2036004895
-1288938243
-2023712777
-188157675
-1490259029
-2130907536
1579440630
-1424695275
-935313709
-597414468
1550807671
1772177883
-1872892423
1567420066
-824501185
1610092407
867682862
1445901240
-1234475208
1969434821
-436402255
70876323
-559367017
-1481480260
-948281163
1999881092
1066074432
1768858887
1935874150
-27894350
621410920
871383509
-344413650
-1325845590
-314779524
-1815741715
870820147
-1038154685
942476353
-1507325692
1788122148
-1558337755
-1340159429
1578363474
1467719989
425951867
1347674195
-597511838
2087896679
-567138329
1500758451
-1460343511
701334028
-533640010
806218996
-114524582
2002134922
-46362284
-782626693
1251864056
-1643596706
-368980990
-1632923361
627579180
-1153994396
-735262011
524572431
-1590016424
-1316887468
641253537
1284310259
1744697195
-1685400177
818860551
-1267270320
446369142
266497564
-1877183349
-1959863760
-1264447105
-1989824020
319002073
-561235199
1813100181
1671748197
296861161
-585757507
-2144736988
-2081008355
1347068018
1178644555
-158335094
-2047579418
1143329179
66954020
-1104355350
-511716598
1306956280
-452293062
2087137087
1363261143
-475011660
-572006636
686349747
-682890915
-601462007
-365080771
-549411792
840849269
-535518216
334822879
430262071
-1018891258
1151182646
-1631846486
371831537
-1305369469
775253093
1478592761
84821123
506065335
1280649091
1954289207
-322120538
559448260
-497719385
-1320274305
-465414283
697210984
1111420137
358276226
1714562441
826422914
-1510053470
523458989
1888240194
-518424108
829858517
1929865099
-828296345
-803445750
1336910828
-1306401945
486751729
1924282363
-166135386
-1878843339
-1585570781
-819988434
1036003407
213119665
646676702
-2054043234
1119605042
-134554680
1765538866
-367968575
421477196
667874615
-403630792
-463024442
-1680788671
-1543863182
-1463898850
-1794835170
-807635309
463034310
-585695358
-1291848386
-310436335
1430081985
-1362766844
-1912824158
-358499443
-1572485423
1702147350
875457812
-1481236783
1201443114
-314884075
-1876201170
-611781166
64356077
1666966173
1221750044
999341094
2061434502
259954968
-1359547994
-2013811277
473378133
1254130328
1027852141
1816506536
-1200968560
-1811391002
-821811084
443181745
928637030
259867611
780701154
624358758
-384074392
519975661
1810109957
475653635
-1859680220
-1471266804
1292617370
1843895390
1161833234
345145518
1496395595
-207352555
1635223220
-1996750296
-2033831816
-1545438458
1728045048
1263100480
1982851641
572707843
2120601824
-1955537665
-1358227549
1507566790
1303011172
-813898806
1531206218
291166242
-911401322
1018335667
241908231
446084475
-290144761
-1027960564
-523313925
-949235080
-806966423
1744455229
1633663955
-715396106
124037749
1523864535
-12462515
-1649616321
986810127
124046312
-1330697223
-385477509
-2140387930
-440491376
-259883708
-190941338
-100436511
1995781588
448698546
-1712110781
-621245577
-2137653582
-1427720086
-333675248
1336238430
-471613580
-1723812873
1046634234
-856405209
-513424567
-966653364
1509549074
1092442280
2004026128
183830537
-1811449023
1753329627
747258743
-1665954308
-1804599943
1170743557
-1446674364
1298742249
-2132737235
-387163878
1338521842
-39386227
688657666
1881429599
2121101951
-17930272
-124275770
-2053766319
-965508476
549121179
1141140385
-1206838331
699463557
-1791723015
-554473847
2040512592
-79744374
-1782728512
1595879931
2130861032
-1027832338
-784487806
-2026984473
-984498230
-1248793226
-701234656
-896185621
-515073634
876458917
1033633935
-550292028
209954777
561092685
-1046881826
-979706367
-370519965
-1843377047
1344988791
1829310968
1535606137
175462186
-1093589852
662157822
1214047443
1483192399
-55128491
67286225
-1973871351
-751510599
1968113440
223971161
-1165286095
-597773762
38069896
2121257872
1813267149
-1942879299
282747521
-1672885571
-155231772
1721192049
15523379
-673116441
-151837842
1312933770
-890412802
-1443776632
-2077825548
24465657
1920383422
-1153012351
391615608
-1512736629
84677199
169202254
-1703577711
87872569
-198265005
-143481222
-291453734
1841123261
-1750984654
1374905173
-745682803
-807452824
-324975774
1405959139
-724597398
-247575502
423191271
501856534
877784797
-469725934
2083585309
-297966272
-1841618593
-1902812784
-904135243
1226390210
-738378469
-537992808
-742864132
-1567110647
-321337643
1547826831
-2135757981
300042939
866759431
1518760363
-2136211653
-82244564
-757629108
-2068728961
1798574783
-647104234
702742018
-1187268395
-93942697
-793304439
580040745
623354047
-1150207205
128615968
543754641
2143682544
-1063302763
290685813
1310546740
2113443143
1507465419
-1603947306
1149509600
1864643500
-1490139269
421011256
-555256039
729216287
-1929156184
1097788779
881629756
116787982
2140746837
-1417074033
742422503
-265830426
457515408
-1796526138
-1484250728
-1587315221
756535473
-535447254
1840770964
1377496908
-868112669
-1102785023
-2046918903
1863093105
1409446883
1160849455
-1331761546
-293526120
1483218696
-345954581
-311952310
230379679
1104978050
339695797
506194891
-271012830
-993801498
-16402297
-1579723719
1372745416
1601022185
-1881294262
1845706290
-2075409958
-508923029
1016570507
-2084490408
531743253
2056872887
-1923930770
1462117424
-1961215552
589030921
-123830046
-1174190003
-544512001
2045440079
-1188002282
1334467757
-249009815
1373929780
-1800059349
1653400674
727913944
-1744598183
1584158250
-253997196
1577936769
-1529556763
2027085367
-968152059
-734937277
425685823
1451419654
-416430666
-465921469
-1449116902
1326751886
1060820809
1080528056
-1960649551
1348829437
1687368327
1612092931
87342163
-2106289429
968983140
1933976066
-35588318
-884849711
-1292792992
321211301
2073932823
-468354116
-55538129
-1043516224
1536098632
-110171331
-1551978340
-778598622
-540819091
1712243875
764645545
1462989543
-334140000
1056986219
1236690427
-908345846
-2086949021
232926455
1496077684
807778622
1479612135
651745662
-1513759967
-2029376003
-2120846965
-1677374396
574516823
558275040
-23690078
2016902154
-1599093736
1346784049
-1067175815
-383195962
453792698
-760728898
998850455
-1911431273
44761546
1886355183
-497260986
-1524103694
-1205332691
1463440411
1465464402
818091041
-629286264
1119565334
1780288272
-154599698
1031379425
744945422
746074529
-103206757
584565382
437403543
1043517816
1991909652
10252589
-78183421
974739736
-1190412953
1357624412
978025207
1574728482
594825843
-571002102
1788438842
-997406834
1755639519
-573761146
597546704
154864952
921530446
1211003032
-1406762681
-657903714
-18370608
-900644123
1642307408
-679375640
977568155
-338348905
955894160
-2066378713
-784565254
-1820888771
-360112968
905260001
1322367364
2071794671
1488709842
1527052493
1294928529
194604469
-717192738
-1831797542
1732528618
-628634072
-1456011875
1647730294
-2105096001
317108826
-455791957
123635724
381158877
-2023981582
-695243565
-376799283
1493443615
938222235
-424138082
-1395296334
-1360210907
-673031777
444237869
1380047298
1401726276
-550874162
1763715912
-405515120
-1576406596
1432552356
-437377866
-961238009
1909447216
-1359190614
-1462330674
-561753495
2140603474
1194748700
1308756302
26676629
414126301
-1554945333
-519296406
-38130552
1872035016
1171930181
1912462632
-1124396763
-386801224
1526358322
1489935594
-374992328
-1042232907
-2108235520
365780556
482539960
319916576
-426853694
-1560681168
1994695500
55171556
1209274709
424994838
1819639568
103093996
-1624672828
-2034330448
1359150232
218525396
561968109
1247824309
-727309772
1329094370
1367393636
-266888715
-1010314123
-1368408265
-232534378
1277553837
1080267248
496487745
1478117937
415846172
-1261197503
-466622093
1260209859
-191345835
-2023874734
668662840
362666657
-742139817
996799453
189511204
955986441
-1929398438
364397103
-1665654932
-1635198069
-2046635413
1819641901
565324440
-863832412
-661229510
-1229771364
1642741366
1204037803
-515616462
-518398564
-247731375
-1444185104
-1591670326
-609651595
582238051
1037995297
-432984550
912491925
-180064633
-59331857
-826465615
-1257652775
-1765097166
1055771634
215000741
1156163083
-431554908
1183481546
-1117754646
-1220310613
-105986471
257439878
-1285469465
393381362
438930630
-1465146040
-1748895162
-1311242989
-507302079
1208540968
485571595
-1209194045
1394561856
1677438808
-56101144
1929441019
-2052651835
-1429193335
1515174606
-1034813444
709707801
-1893936755
416517063
245337235
94278327
1072925502
1899103746
1295818142
-23437429
782054557
-1392169169
1130737102
2115326556
506237501
-156923635
542149293
861249157
608949730
752040256
627753443
2139268331
-459532444
455694951
1622875828
-1784939222
-1290209319
1078774382
698285004
121331217
-1670327566
-670496224
-731615938
-223864496
-1486609755
2007171583
-372341046
1006247535
-297469684
-2033008553
-1667153314
1148565762
-1915112308
-313359216
2099694303
2653723
1433686585
-1392333884
-780652760
1566776575
-985529735
-393784687
225427794
-483195109
1106043879
792576047
-1228167627
-1497750728
-1578891143
1320480452
1701533999
443678701
-415487772
1890960630
1559963683
1498102101
1264429630
-660810558
-1861424188
-244251134
-841295387
479245195
1590525971
-1836835023
2014544799
-1942143114
1283113254
-1868597186
435766786
2020435444
381030442
-877889190
-1415952106
-228442209
-351558486
280211834
-514966728
677352778
365374992
-2077084782
666613824
-606920110
-1817015956
-1874128126
-676692250
1040001082
-555511948
1664070480
1375279201
1331046263
747257547
1754324760
273864272
1163317639
-385825147
-1349133760
-374519075
1728350279
326317291
-1393171601
-1872584928
-1007288698
-1282617734
-1046226753
221277120
2024328660
-839560911
-649923664
-189204512
1194988960
1212721164
-74002336
-1231093193
-501123199
785896139
-258984968
2083682432
-1330707245
-567671305
-356825495
187089173
939651462
203507494
1458254680
1563523798
-399040462
1897269629
1833592406
-1845831857
1642847085
-2072932746
1588975188
1807151897
2099400800
176623330
482153557
710004864
1700437656
-18354127
-637005467
-1148331930
143429913
661621233
-947990583
1645151590
1021007033
-2063122540
-6392969
407575868
1419624362
535556725
2016044488
-1594254237
518717015
-766898147
-1709211541
-484165633
1703197044
-1248476991
1673163677
1990400509
83167568
2035874319
-943596650
618543992
-2109224339
-175539671
458733894
996114782
405546833
-887820559
-2019737023
1750564691
1153723294
1802620295
-1985004554
519111892
-415796128
-1075339761
-248490457
1080940703
-1988603482
992591799
-1761986411
-1312209326
-319951533
780535
971323386
843276882
-789722315
382199835
-903748037
-268294162
-40225194
1270900734
-1684082211
455333315
1172664210
790936855
-525793096
-680514463
-1518292631
-258605383
-963005973
260862766
613883158
757985430
574968592
-1670355062
1621222624
-1387495292
-936913745
521697844
-1331411025
-90645373
676502007
-1554776341
-655150623
1643078910
924172202
1599353432
1083545438
-1597636783
-326511015
2123053610
92789481
774147211
96373713
498631554
654169785
-857241484
900069333
1408377746
442784328
736040145
-1860468724
525409920
1788621162
-1732447002
-471824580
903919759
-1242167136
-924304069
1666735032
1657746816
1343734445
259373987
846207255
786475574
-1637280918
-571450503
-1481215706
-267729768
-1322355754
-2037577171
-1099788257
-114643526
-1370045583
102359038
2093518874
-566990273
-26137911
1253085448
116207555
-1655874312
1166414676
1714449025
693223500
-533082159
-1847113600
1359241279
617381541
2107614956
-1346857464
117304957
-1219441686
1428070926
-1439467639
-1789537315
-1391593187
-1503604678
2025696596
577759152
-1610442219
273422747
-15480187
-1911582603
176001973
-1800928346
-1840902060
1199480479
48585055
-870771841
1633102507
-1493135461
531697067
142963356
-2060344841
84442385
1493596755
2131540392
1101141570
71842921
-1389685902
-520682071
-1521379455
-535596400
-1255835155
-1700938908
1251782442
-419848197
-892325583
1922211071
1675161354
-1238996757
1752529950
-1871702552
1952717140
-314073613
-1088973502
1141367029
1777677820
1353500855
1393014346
-648844083
408496453
273432821
-1583242572
-1646550395
441032600
-627700279
1042852297
528741005
-1784257896
-1313007828
-2111941686
-453063731
1967549298
497249213
1580871273
468705546
135743097
1142857412
1068330106
1243799695
563518449
-384466317
-2133570326
746816008
1813705258
407421550
-668828433
-236056912
-2028077872
-945020276
2067196289
-1480734802
1275858305
-1555143201
-1177111544
1550896828
-2143192672
925508081
609631830
2014278922
-1139275416
538575440
-1913486890
2088703073
578012228
-405847987
-2062801403
-1748576630
-77615524
-934194432
72944162
-1580265745
-2076161165
645536654
-264751583
-1668674941
-1976894737
5378477
1704945380
318732767
877560121
2019832936
1675143597
-1616782931
-431336889
-1168522465
314161869
-152601271
1243050358
-1683356974
-345629791
1989615524
1744763548
86676382
-1522003010
-154001812
-1773688739
-1810818426
-1157885589
1575273321
-351999043
851395446
380443983
-712556502
2114414839
666787717
1645761899
-306167840
144174476
1138762618
794338121
289682313
2040738718
869157521
-1006952075
1866120272
-1467087235
1303060862
-2098207700
-1996105677
72260738
-1929298510
2062686547
1849472230
-1730069988
1583408348
1765651370
130436342
133919271
-1259476814
-350743231
-1289866447
-1404921980
-16188688
-1223398102
-1970261947
1971270629
-2006205023
-1873560465
-1528981849
-1718577176
-809561188
1972090438
277442742
-964634521
807892305
43970435
1932979487
2001390861
-457486907
2034504013
-967332478
-1679236051
143893466
-1025441004
1310579542
928833486
2053608404
-2036711486
1753229065
-1999777782
-358130408
568707632
1583093098
-119873897
1326712885
-1561037605
-895140021
1595326374
991750440
2050715863
693528417
1586027499
1897693659
1318279170
-1950119313
5146620
1780648175
-2063522179
-2009444957
1514659039
-1735321414
-1517234344
567308096
-899611171
430918291
-923756404
1628839292
113383324
867418700
-772355539
-1856219221
893174892
-185733633
36453599
-560087652
972063200
635239949
-870882423
1478127938
462615457
1601165667
-392401847
-107090282
1951641470
-661024257
563180711
1265630652
1982836422
-2028331598
-370848500
-983555228
-1309015847
-1491904729
1588232052
1852650354
111448828
268340003
1128238434
377547233
1806508397
-602466802
-1058498284
215068132
-1958763081
-2053974607
1723723256
-906304690
-941566393
1934193472
219552862
-1157730766
-1685550274
-117978725
-1094083474
677924046
-1807934328
-1906512944
-1105646501
888630180
968756524
-1203597340
-1310761512
-1614997527
568170469
391832019
1162413771
2027336739
2064511218
-688258348
1071089984
1408996109
-2019536598
1498527968
-1070913889
-481092419
1702960722
1413091957
-1321020895
-710565368
522044594
1895432855
1522677376
-2026077659
1205212645
120535319
-1733958930
-1561557361
1243889905
1462024983
-1864838329
1930402096
1556330391
517734348
-727857271
-153012037
-1345284885
-284912251
-1544413565
436424537
-2141300442
-296054036
1496786892
-802730105
698224314
-224110452
-422960906
-1607353539
463023270
-217291117
1174557188
116160851
-1979201013
-803452200
-225444584
1539218720
790492927
2120870686
900601200
-1071217564
1066749601
-1973899366
1967387027
1998417767
-1812654483
828658098
-1020039994
-1973815455
-1737720111
2021872391
199437253
1121519388
498587904
-2088017739
-136578897
-160745000
331535877
1331832537
-2041877951
1870578798
1195844378
-462858157
-1263711674
-1925428041
-1077414087
943517388
100691790
445600557
2017486323
-1580800262
822279582
-1726410029
467897217
-652477150
-1539488922
1402403666
-1096096232
-1580651042
1466016825
1479813476
1482715265
443678496
-1359263815
-2133884555
228020712
740021622
550272913
-743026553
366950131
646109583
400103592
-722626731
-1364482026
1905865213
237505426
-987601989
-131469019
-1759931077
1661681738
-637805484
-1714065878
1042446322
-2039260898
-1441799580
2034454904
106912631
1069594858
-278565384
-744737024
1150943384
803354760
1685981260
1791695074
1072005784
-156942458
2073167980
-942769849
-1053712777
1361196057
-1941866979
2098320749
523545205
107705938
2075506428
-746408446
-1031863847
-413902193
-464623128
-193597258
-1049433874
-1719085261
246813853
-693702901
1174941006
1686493593
1021413281
1860439663
267585122
-74615227
-1840833438
-1298633333
2033842728
-105813924
1774793120
1016380125
-776025545
-675179434
-341734904
276682884
-604328704
-426540559
-632196831
1482778970
1651398485
-705494680
-1619735957
-1487037625
-1236624849
-1998884892
-829133115
2102051540
-455173973
496783155
1861647375
2133498878
1319426646
-880597833
473004815
805979212
1217969577
1657787296
1244757912
1531003427
-1827533098
643294813
-223566104
-725013159
-1057175867
1670413135
-1980327854
-1945187065
1931425369
-1795307329
368634908
307674786
1568743926
662858770
-1911513942
-455280052
-47541945
-872941510
-1813060133
-713570201
1251563324
-417499280
245249714
2013002859
1840813650
2038420511
263330104
1076463865
-485112554
986406179
-1447873375
147112240
-1010632981
-1892361934
1548144045
-1309549762
571370762
362536346
2023975249
-668104647
422818762
1760517164
1171944854
-543771346
900386849
444111992
-1030153024
-1913992838
-218218134
608179258
394307249
-1579747752
-346498201
235066131
878251151
-2057933893
-125256566
-1553566341
-1587109212
-1140947362
1850008687
-2105224459
1599470726
-1298707688
106376877
-2050499707
1103064951
1550828404
1495578062
1587632223
-1535781106
-1446834304
1546314395
-684620832
-1192591338
-2105786139
1822927772
-1968526143
422206901
250893112
-1157117730
1450137737
1603726544
-970533490
1411244022
-473196221
1740597678
-611378859
-1546523578
-83785103
-1411040293
933821025
-1037539458
-1888736960
637582414
1915589701
-1955269019
-788857860
-792086067
768964836
-679174695
-327402299
-1617338480
1877949511
-976763884
1498577795
-1456381404
-474846801
910459440
-1416762601
-1680959854
-2027670034
480119276
1546702290
246110144
-1226538254
1543906224
166311210
947412502
1955530914
-2068182834
-2113566550
832105828
-1312442644
-570679798
-955873238
-1906737918
1303815454
646992476
393002304
-2027536840
-851369355
-371644941
789549046
1966679264
-66929677
-49308291
388985532
1737315914
-3257483
-17783387
-2141070944
1751130719
-1248041980
-1596020003
-186060612
-2056918264
-1071272086
723413341
86754798
1046191568
-1437789944
1925331306
-1441080882
-50093113
461939175
927423451
1972915164
556231593
-405415412
1008536280
918164985
-651890112
-524911857
394613477
-1708127464
-165548794
-1367797778
-2000947170
494832949
-1871414515
-1444342242
-1555043388
-1319489915
795574307
196092899
1902122487
1669313006
765398576
-1049452575
305428420
-836297031
-762085149
-1773675023
1253632354
1105714053
-1979699315
-170478280
-101779271
1104086142
1521801548
-1805851786
-1329550301
130576591
1093087084
1937297819
-1829360267
613292884
-26992119
-1460499041
-1297309376
-1588010348
-910765320
-1556476526
-657674669
1036571630
-871279897
1679691762
2011396484
-651528687
1851886786
-559928004
-1280763473
-559823183
29295448
-1241518395
-1834235905
-1357193354
-1207679682
-2090860855
-1186508693
-1117030856
-13550861
1376110020
1501857411
269462633
941732676
-1855649536
989119084
-2086673966
871748081
-2060558737
207202857
-792428926
-1992276847
-2018473542
1193921307
-1958221822
1961386418
-548792679
1057408970
221648333
-924019132
-1515600795
-45998619
1006401790
924042550
1416730346
-19281785
-176936117
-983401119
263823489
304497339
-1830053583
1209215397
690805086
1829219906
-1612440719
-1759600815
-1756653530
-1393024365
-1534381126
-1101746488
285507525
340092962
-1338089305
1692047968
260961917
-753622043
1373879531
98539405
1685551681
334935827
-2117018166
-1632256450
697001539
1929140014
-23288630
545262214
948895178
1470440004
181401770
327963775
-881340343
-1108003983
-801859181
1786405482
1871366829
1974533031
-574585715
-507545317
-1203074570
-394829135
-502293965
1999113875
-1889549559
2087613556
-2059109206
1794081518
637522883
-1716052361
-448472881
-484441217
1208144209
-383729242
-170619217
543882297
-1843681346
1256037458
-698979013
1271708496
414850765
1082478716
-131041988
877931295
-1119365112
-1765602733
-834873468
-158218676
1894685208
1155599098
1049633382
-104912343
942112087
54238093
2003849831
333638493
-29897309
-1849578395
1306507829
71995587
1421456757
491365531
1524233687
-185673583
-1768159695
2045060555
-2087690971
-436950084
-1595559490
-641284070
198617467
-54565989
1396623705
1610158713
1204273833
-1070643766
1208620454
206975786
901113645
-1880008112
-50881528
1730428035
-352803933
-1150025724
-626416335
1857153521
-1335997060
-932846804
-510977796
1150038335
-986843922
-556058010
76497785
581248024
218235435
1016032715
-2055186615
793306570
-325914155
-1351119792
-1425850068
-783959732
2131551408
-1136905360
1808572632
1752722305
1073870488
1970785543
-974390516
-1975607874
-1598648138
2130724737
1506769123
-1721453431
-1851512082
55684147
133417069
1312648868
1440886939
-492750840
324596347
1374513225
1961622654
1635179104
319699386
-1076556106
-80338958
-2111488460
-2018224382
1168623595
-1837864603
-816397955
-2013878544
-832089423
580214275
543686358
-839836495
-2107202850
1804540595
548326751
-1199436256
1323810263
1499779142
-1688806683
467938579
-1088660650
646663917
-1670691777
635322866
1586056813
-666479380
-550055942
412842888
239663819
1409258637
681226040
1025009693
464083516
-2026658474
-1684674348
-2009207869
-1285138826
-1667214211
-1120546102
-175847440
-1182172399
1948453019
1305099734
1418823757
-1761328169
-294835040
-843172006
232909004
866814782
-1247816185
253789572
1654786304
-645472974
255793738
-1745534545
-1504640856
-304434666
-1241462890
1998337290
2067900812
1354290700
1912698050
204331895
-562187636
1581809780
254155901
-865390411
-916566027
1352916915
-887113785
1375382464
-259056362
1999445301
1911131042
-1318122377
375718675
-60744268
670178824
-1036329089
-88327944
-438337095
-1884682721
1937628263
-97668848
2144578147
1009978283
-1916304884
1251837815
1700972134
-1617081917
641504575
-1456912914
-8443050
801589447
776168868
-2036985618
1388412709
-456047728
-1095435044
-389279233
-1075022358
1986202601
751803366
-2098351287
1774725091
-1928904130
1946757826
-143753109
38683581
567661715
-1062830505
-378093429
284205330
1540552887
-974743402
-501342803
1482159922
-1358490184
1172260574
467201352
-477053915
-660123495
-1424309598
-669454826
-1116180496
-2064797630
-1831061432
-505704661
966645783
565906615
-1796515756
-1997728695
-1746210973
1007435149
-1054517563
-2042025102
1150782949
418331544
638844094
2138490813
-531624646
1279011305
347189353
-28945043
-110400241
1528920567
-1232365800
-1187603649
314620903
-305029349
1256273324
-1741300478
1734592539
1435764033
-9227462
1857688429
948788514
-765313316
-1062657557
2021936428
1282642194
-665477606
-1798278621
521178427
1310385766
-658985639
-1917520924
-604718473
-1351531007
-1210893608
620071541
1971745906
-2070932109
113175473
-394398146
-1337400954
152235386
1795000838
-809969419
-1910453716
1665447114
-479624582
-442804225
-1788963442
213721872
380388579
1239286032
1922235226
-1725632460
-1041400771
-355674860
-1038319912
1920414687
573133281
-346907311
1722353470
1652209980
-1362415627
-58593588
-1714935486
999705345
1141749542
958431212
-1067452943
-1009828944
1987566484
1658827869
-140549441
-873353703
-237347570
-164134089
-1792631074
2127979044
-1397748097
25631582
1473178067
-642643507
1073127591
1215359531
2063646533
-1835636114
-1296243699
597551179
237005847
-1509044668
-1963018701
158224615
-108633927
1279101483
2050362891
1809590021
-1409690437
696556460
-1232348246
-315216595
200904610
1784128313
688566075
245379919
-1870140673
-563364170
1759533877
-1028661532
1122787772
-1739192261
-757398064
2051756370
1596866745
-1663189736
1847680436
-1268690796
-1456386922
-1801760487
854386163
409523738
-1047105326
-1956711926
1493732665
437266413
-1928344555
-1484963971
-1320876990
-530456554
1811459529
2143894218
-1976072309
505972288
-1275635474
-1376865450
78581835
180330396
-747134930
1280357144
43458724
873158916
1277865775
-557600935
1925095190
1379807074
1739167016
1555268026
-932416205
514210387
622683318
-1648267909
101901720
-701367034
1772682480
-1209617159
839765275
284615018
1417531320
602702712
308757313
-536755832
-1404683948
-221106397
476138994
1146889004
1931820348
-2134436016
87727215
-2085156405
-1573602251
-521297145
-292586109
987136672
174618526
2087789508
-786987784
1374113559
541947401
-674193284
1335071820
-979742353
-1618830068
786222301
952580773
393715610
591434841
721924314
-1651269631
-761962393
135546380
-1266105242
-554078287
-167979294
-1185902524
499155838
-1976928761
-171294726
1475410932
1165147757
1177216334
-172333468
-370111237
-400610741
-1173522950
-1650257729
-977993871
389281222
-606808544
-1870549511
375391811
-1773246940
-373810137
-476191760
1490902785
-545668984
-1053871936
-1695292324
-677523722
2006778739
-469277677
-185291797
291265913
-2142489459
1125098042
1609076653
-817078398
-1942337883
-1964049678
555924658
2112104575
1674894326
